22022222222220200000222020000000202000222022000021
22222220222232333132232231111111203111202223333233
22222220222232220220220211111111001111222202222223
22222202222232222232230331101110133011222222202223
02220200000010220000220211111111001101222022202023
22032331111332031012212331110111121111222203223223
22222233312232233332222231113111213131222022222223
02220000000000000000200211001111001031022222000001
22233123131011010110332330111001011031022222132111
02222232233333331332022231111111133031222223023333
20222222222022202230220231111111203011220222202203
22220232222230222232230231111111023111222223223203
20222222222232222232222231333111023132222022222223
22222222220220000202022230001111001001020020222023
22022222222221012132220231111111111111033213220223
22222220222233312232022231111111011111023223220223
20222222220230220010220230011111101111020022022001
22222232022230220112232031111111111111033223203333
22202222222232233332220231313111133111222223220223
00000002222032022222020230101111203101202222202023
12130102222032222020232031111111023111022223221223
03233332222232202232032231101111203111202223222023
22222020002030002030222231111111001011202020202223
22220223330230100232022231111111100111022213202223
22222232222213332232222233313313133333223023222223
02222020000200000000000210001001000001000000000001
22030233132131310110112130111111121133011111131111
02010200220210311111112031111111031001111111031011
23132132232132131301332031101111033313131111031131
00010010200010210310010231111101023001010111010031
12111012333130300311320231111111203313121110131031
23333330222222332332232031311111203203233333233213
00000000000210220000200210111111023021022202222023
11011011010312030100310331311111023031223023222203
11131311310212213330200230311011022031222223202223
00030110110110000210110010111111021011020000022001
11031300111313312330110110111111213101033332023333
31232333332332222233313331313131221333222203222223
00000000200010000000000210103011020001020022000203
11111110311111300111320331103111031111233203313203
11111210301112131110230231103111031131222202023203
11110310111012031110210211101111031011000021001021
11110310110112031100310200101111021131133233010031
13110313333132033330332331113111033031222223313233
01110110000210200210220011101111001001222222220223
11111111000332332132021011101111130011222222202223
11111301112032220232231331113111213111222222022223
11010110110010000010202031101111021111022222022021
00110111111310110110332231013011213111222223223213
33333333332333333332222233323333223333222222022223
02000222020002022222020002222222222222222222022223
23332232233332222232233332222222222222220222222223
22222022222222222222222220200202202202022222020023
22222202222222222222222232333223223223222223233223
22222222222222222222222222222022222222222222222223
22222222222222222222222222222222222222222022222223
22222222222222222222222022222222222222222222222223
00022020000222202220200200000000000000202202000023
11032021322032222032130330111011133333203023111023
33212232230230222232232231311131022223203023131023
22220230222222020202220220211010000001000001001001
22222032220230232332222030300131121313133133010101
22222232222232222232222212333233233223223223333333
02220000000002020200000202222022222022000000022223
02231311100012032330010212222223222023111131222023
02230321013122022231330312222222202223111031222203
22030231110010200000010112222022222203011011000021
22030230111330300113131312222223202222110011133021
22232233332030333332030332222222222023333333223233
00020000202030222230010010000000202000022022222023
12033120302032022233130011000312203131223203022223
23232232132232202232033131333223203031222223022223
02220002020210200212030230000001001011222202202001
22233132232332120310232030101133101101222202023001
22222222222232232332232233333223133333222223223333
22220222222220000222202220000000000000000000000001
22222202222233132232022231333111011001111111111001
22222222202230002030220230001011111111111111111111
22222222220223332232212233133111111111111111111313
22020202022232220220000010001111111111001111110203
22232132222230222221001113133111111111111111111203
22222222222232022233333332203100111133313131001023
02220002220220222222222230001111101001001011111001
22233332222232222202222230110111111101110101111121
22222222222222222222202233133111111133011111111031
20220202020200202020200220201111111000111011111011
20232330230312332022120230211111110121101110111131
22222232232332222212232232333333133233133333333233
00000222202222222020220210000000222023202222020203
33332212222232222232232331111111202223022222233023
22222222220222222222222231211111022223222203222223
22022220220200200202022230111111020021022222000023
22222232230332332332222231111111233213022223313203
22222022222222222222222231333111220223222203223223
22020220200000202020000010201101000001022222222223
20230230303122120233333130333111110131220222222223
22232232330232232232220230223111111031222222220223
22022222222230000220200230203011011011222022020021
22222222202233312220322032123110101121222203233213
22222222222232222232232232223333333233222223222223
