22220222222222022222222220200020000000000000000022020020200000002000000002202220200200222020000000222022000000000020000222202220202002000002200020202020222222022220200000000200000000000000000000222023
22222022222232022222222230311033111121011010100203030002311011103111101102322032130332232021001212030223131111011021010222203220321302110120333302303122222212222230331111310311011111011011111111222203
22222222022232220220222230311023111011111101111023031120311101101110111120302232032222020231110300012203031110111030101022023020002203111100000102101122220222222230200100010211111111101101111111000023
22222222222232222232220230213203111313131313111203021120211112113013311002322232232222232213332333320223033101111231333223223231322303311131333303312122022222222230331313130311111111130133011111313223
02222020200220000000000210103001111021011021111000011102111101101100111100102222222222222222022222230203001111111202202000020020000102211000000102101102220202220230010110000311111111031001111101220223
22232232332031203131330211302001101021011021111011131103101113013100011131222222222222232202222222232303313111111221222010031021113120311112000002101120232322022231011310110311111111031313111111222023
22222222222232132232232322323133111213121213131133233323333323323333333322322222222222022222222222232223022313121022223333233033323322333323333321333320222232222223332331332333313111231223111111022223
22222222222222222222222030000021111023031001011023222222222222222222220222222202222220220220002022030000021021011020022022001000000020222320200022220300002022022230000000000010001111000203111111000203
22222222222222222222022231010032111023030101111023222222222222220222222222322202232222220220010232231301031021131020023022001101212122022320211122022333330232022231203131333331011111011203111111111203
22222222222222222222222033333023011203031111131023222222222222222022222222322222222222232233332222232133213033030233223223133332303220222302333302222320222232202232312232220230101011130203111111111203
22022222222020220000000210200023110021031111011001222222222222222222222222222202222222222222222222230003001001031020020222203000220300020302002302002102222220220010002032022231111111031001111111100001
22222232202220233321002132313223111033031111131011222222222222220222222222222222222222222222222222233303133111031212213222203312202333302303120303102120222232213330110222202231111111021121111111111111
22222222222232222233332232222223333221233333233333222222222222222222222222222222222222222222222222232223223333233223223202223222322322222323322323323322222232202233332232222233133313033233131111331333
02000000000000222222022222022222202222022222020020020000000000000002000002022222022222220002020000212222222202222222222222222222222222222222222222222322220222022220002022022220003001000001011111000001
03103131301312222230222222222223022223222223233233213213300110100002111103122222222022231010231110332222222202222222222222222222222222222222222222222320222232222233332232222231203011111111011111111101
23332232330332222222222232222222222222222222222223222320331301113323311103020222222222221332231112032222222222222222222222222222222222202222222222222302222222222222222222222232302131111111111111011313
22222220222222222222222222222222222202222222222023020002302011102200111101100020002020230220231110012222202222222222222222222222222222222222222222222322222202222222222222222230001011010111111111111203
22222222222222222202222232222222022223222222222222031120221311022313300110113220112230232230220011212222222222222222222222202222222222222222222222222322222220222222222222222231011101111011111111111023
22222222222222222222222232222222222222222022222223233322322331322220213013122233332022232222233332332202222222222222222222222222222222222222222222222322222222222222222202222231333133111110110011131203
22222202222222222222220222022222222222222202000023220200020220300020301101100000000002022022222222032222222222202020000022000000020202202000000020200122222222222222222022222230001001111101111111001203
22222222220222222222202232220222222222202223333223202311020220311120301111110131200110222222232022232222222222203033332202131101120202321312011102331322222222222202222222222231001111111111101111110203
22222222222232022222222232222222222223222222222023222333302322311102311111133212333332232222222022232222222222223220223223233333322322320323133322320322222222222022222222222231333131111111111111131203
02020200222022222020202030000202022202222222202223222222222220311102311101122022222022232222022222230222222020020222202022023222202222222302000000002122020000200200000000000230001001111111111111031021
21220202032222202232332021013203223023022222222223222222220222301002311111122222232222032222222022232222223213233222223223222022222222222303010110021302221100202131331013132231111130101111111111031021
22232332222232222232222233323223222223222222222223222222222222333322333313322222222222232222222222232222222222222222222222223222222222222323333333320320233332332232233332222233333233331333333333233033
20220000200000222020200002202222222222000020202000220200022220222222222220222022222220222022222222230202000220222000000000000000000000000002200000000102000200000200000200000010000000000001022000020203
20231110330112230230311112202222222222111031203110222333322220322222222222322222232222232222222222232323132022223133111131131110111101113220311013111103100311110311010311311011311111011111203111233023
02220010231012220230310112222222222023000000021111222222222222222222222222222222222222222220222222232220223220223001111011011111111110100102311101110100110311100210110110110110001111111101021100022223
22031310233132022230311112222222222203331333033111222220222222222222222222222222222222222222222222232222223202223313111131131111201113331302311113311113332133132321331301313131311111131111233133222223
00010110220012022230001110000022000023202023001011222222222222222222222222222022222222222222222222230000000020202001011011011110111102102100111100111100010000002032030310100010111111011011022020000203
00131110231112202231111011012023011023022023133111222222022222222222222222222222222222222222222222230100132213023001111111131011311103303313311100101110011213132232030311213131111001011111022212000023
33213332231322222031311113323223333023023223023121222222222222222222222022222222222222222222222222233333221223223133111131031100311102320302311131313333332332202232030312132033313133333313223221333223
00000010000012020230111100202020020001202021023011000220222022220222222222222220222222022222220222232222022202001001111001001110311100102102111102100102020000202030010110010010001000000001000020000023
01011301310110230231111110323233033121022031023011132202302222302222222222320222222222022222202222232222223223313001111110111110311100103103111103113323031102312230110111311211313111101001011031111023
33130210331012022031111112222022023033223213202111222322322222322222202222322222232202232222222222232222222202223313111111131110311113302103101103002302233332202233121312130310323111333133130212333203
02010310011110210011111110000001203023000001023111220202220222220220202000102000000220222220220222232222202220223023111111031110311102201101111102100100000012020230010212030110001111020021011203222023
02130311311110310000111111313101023203111131023111222322322222322322303333202131012232022222032222232022222202223203101011031110311120313101010103113111011212022031330312030113133011033031131023222203
23232332331332333333333332323333223223333233223333222222222222222222222222323233332222232222222222232222223022223203133131031110313102321313313123303333332332232232212332233332223331223233233023222223
00000000220200000000000002022020202000202000020022222222222222222222022222222222220222222222222222230000020000001203021011011110101100100100101122202322022022222020000000000012202222020021020000020001
11011012230331211111321112203031023111023111233023222222222022222222222222320222222222222222222222231311031111131203031111011111111111111101111122202320230222202231111101111112222223213233031111031133
01131112222030331112031012203031023111023313220222222222022222222222222222322222222222222222222222230313213121213203031111111111111110111110113120222322232232222030103131011112222202222223033313021023
11001112220232031112031110223030021001021021202023222222222202222222222222222222222222220222222222230000001010021001031111111110110111111111101100002122202222222231112031110110002202202203001001011203
11111112202222030110231110223031021111031213202203222222222222222222222222302222222222222222222222231313131131033120030111111111101111111111113113302122222022222231112030101010102023223023130313011023
33333332222230233332233332203033033111233202223203222222222222222222222222222222222022222222222222232323233033223213031111131111111013111111103102323322222222022233332231333333123223222223033223313203
00000000220000000002222030203021001111020021000001222202222222222222222222222222220222222222222222230222022020203021011111011111111101110111103102002102222020200010200000002032222202000001020001021001
10131110231111110112222030323031131111032021120121222222222222220222222222322222222222222222222222230223223233223021101011110111111113111111103102003120232232120110311111312032222203001131031011033111
13231112031003333312222232203021021111223033213213222222222222222222222222222222222222222222222222032222022222223033111111111111111103101111103103321320222222031210200110310232222203312031031111023131
00021110011110222220200212023011011111222023021001222222222222222222222220222222222222222222222222230200000022223203111111111111111101111111101120302120220230210110311110000010000001203021011100000011
31231013131112022220312130223011010110202223033001222222222222220222222222222222222222222222222222232133010222203023111111011111111101111111111120321322032230331100311011111011211110203031010111133101
22233332233332222230332232223333333333222223223333222222222222222222222222222222222222222222222222232223333222223223333333333333133333333333333322322322222232233332333333333332133333223233333333223333
22222202222222222020220222220222222222222222222222000000020222200000000000022020200000000000000000010200020220222000020000000000000002002200000000000100000200002020200200220002022202020202000000000001
22222222222232222232232232022222222222222222222223111113122202310013101101120230311111111110111331110213031022223333033111111111311103102311111111011110130333312222330332030012023203213223110133111131
22222222222222222222222222222202222222222222222223011000120200101102011111102020011111110111110211010101011000203000001111111110311103102311111111110111010222020232222030201110222021022223111023111031
22222222222222222222222222222222222222222222022223133333322331311103311113103233131111111301312131311333131133223331333111101110211121302311013111111133132232232232222232313332203232022223101023000033
22220222222222222222222222222222222222222222222223000002100000111100111101102030011111110310112020110203031000021202223111111110310100000101101111111122222020222230000002202230000001222023111001111001
22222222222222222222222022222222222222222222222223131003313213111131310000103031011011010310112031310203031000021222022111111110311100110111101111111102222232222233333332220231332313220223011133111001
22222222222222222222222222222222222222220222222223233302322123313322333333303233331111110311312230330323031333213022223111313110311113333313113111111122202222222232202222222232223203222222133223333333
22222222222222222222222222222222222222220222222223202200100000022220222222322020220111110110200220230001011020001022223011001010311102000101101111111120222020220010000000000210200202022223202000022023
22222222022222222222222222222222222222222222222223022311100111122202222222322032031111111110312032231011111021131022223111111110311102010111111111111102220220221011211100000330311203220223223312202023
20222222222222222222222222222222222222222222222223022200113313322222220222322032231111110110312222031313111213213202223111313110311103331311101001111122232212233332131333332030301022022223022223223223
02222222222220200220000002022222202000202000000203022311100102102002020200102020011111111010110000210300111000001000001111001110311120302311110111111120220202020210220012022030111203000023022202020021
22222222220232332233333322222202203001202000133223202311112003303221222133303221211101111111310010330313101011131132121101111100311120302310111111111120232330232332031330232230111203333203023222021021
22222222222222222222222232222223223313223333222223202333323322322322322222302232333333333332333312232123333333213223213313313332331322320313313113111122222232220232032232222223333223222223022223233233
22020222022220200000222022222222222202022222222223222222202222200002000000120220000200010000000220010000001020023000021001001000000100000100101101111100000000002030000000000012222022020000220222020001
02232222222030303122230230222222222223222222222222222222220222313323231333302231110211111111112031110011133031023000021111131331311111101111111110111111111111010231111110110010222222032111202223031011
22222232222232332232202232222222222222222222222223222222222222322022322222322031112131110110110231111311023031023333213101031202311111111110101101111131321113312231111011333130222223203121220223030121
22222222222220222222222222222202222222222222222023222222222222222220222222300011110210111101110011110110023021021202001011001020100111111111111111111102010110000231110112020212022001001011202023021011
22220222222222222222222232222022222222222222202223222222222022222222222222211111110211111111011111111311023030021202001111111033211111110111111111101123131011320231111102032130222121101111023223031111
22222222222222222222222232222222222023222222222223222222222222222222220222313330110331111111313131112313223213233223133111313202311112013311113113111122231332032231111332230232223233313333222023233333
02002022202222202220220220002202000000020020000021220200000000022222222202302011110231111110310011110000001000001000021111001220311101100101101101111100000010000011110010000010000000000203020000022001
23312232202232222232032233303223131111031213333033202313111113122222222022303331100231111110301111111310111313011132021110111202311111111111113101111101111211111111111111110111210111133023021101203131
02222222022232222222202232022223033111032203220223222323333323322222222202322031110231101110310010110333101023110023233111101220311101111111103111111113100311011111111111111212331333223223213312022213
02222232022232222222222032202021001100001000222203222222220222200020222202320231110001111110111101110003010021111000001111111000111111101111101111111101010111101111111011110112220222020203021001001001
22022232222032222222220232203232100111133001222023222222222022333322322222302231110111111111111111011103111033101011011111011331311111110111101111111101111101111111101111001112222223213222032131313121
22222232222232202222222232222223333333223333222223222222222222222222222222322233333333333333333333333323133023333333313331333222133333331333331333333333333331333333333333133330222222222223223233223233
02000000000000000000000000000000020000020020022222222222222222222220222222222222222222222222222222230000001022001020001000001220200100000102000000000102000000000010000000200010222000202020202222222223
02131110111110111111111111311111213101030021222023222222222222222220222222222222222222222222222222231111111203101031111111111220301100110103111011113323131010111111111110211112223133221233222222222023
03021111011111110111111110101011021011021031202023222222222222222222222202222222222222222222222222231111011022111011011111101220311111011101100111102122021111111111001010311012222203222023202020222023
03231111111111111011111111333121213131213233203223220222222222222222222222222222222222222222222222231111111203133131101131111220311131311113333301121302231111101113313320321112022222222022223213222223
02011111110111111111100110203011021011022001022021222222222222222222222222222222022222222222222222231101111001203011111011111000311100111120200111102100031111111110220010011112202021222023020000222023
23131111111111111111011110303110033011202101022031022222222222222222222222222222222222222222222222231111111133023011111001011312311111101120211111102100031111111112030010111112023233222023233333222023
22031111331111111111111312123133203333221333223213220222222222222222222222222222222222222222222222231111111223203131111133111202311131333302333311103331231111311112213333333332222221222223222222222223
00011110011111111111110110000001022001000001222023000000000000002002002000020222220200200000220220211111111000023000111203111000111100020302002111100102011110311110200202020012222202022222000000020203
10131110101111111111111111313131023001111001220223313311033331323303203010022222232332133332232232331111111011023011111023111111311111120321203110011123131110211012130312031112222023222222100100030203
13031111311111101111111110303213203313110312202223222333322220322222323333322222022222222222222222231111111131023131111023111100311110002322321311101120231100310112232332213332202222222223333331233223
03011110111111111111111110301021021001011021222203222202222222200020202202122222222222202222222222231110111011001011111021111110111111100102002311110102230110111110222222202230222222220223000000202223
03011111111111111101110110213033021121101021202223202222222222333322322323322222222222222222202222231111111120001111111213111011111101113102102311111102231110111112202232222232222023222203111001220223
23131111333331311331111212323023233233333233222023222222222222222222222022322222222222222222222222231313111213333133333023313133311133123323322331333320231311333132222220222232222203222223333333222223
20231110000010110011110112022222022223000000000023022222222022222220222222220222222222022222022222230101111000001000001023020000111002000122220200000100010110010012020002020012222202220222022202220223
02231111111110011111110112222223022223313111130023222222302222322022222222322220222022230222222222231101111111111111111023031111111102101102222311113111111111111110231110231112222223202223023223222023
22031111101101111111111312222222022223203111233203222202222222322222222222322222232222032222222022230111111131111011101023021131110103013122220211102110011111111110231310231112022222222223222223222203
22031111011111111111110112022222222223203101020001220222222222220220222022322220222202232202220222031111111011111111111001031020011101100102222311101111111111111110010310011110222222220223000000222203
20231111111111110111111112220222222223203110031011222222220222220322322222322222032222032220232232231111111010111111111133031031111101101122022311011101111110111111110211331012022223222203131130022223
02231111311111113131111310222222222223022133233313222022222222322222222222322222232222232222222222031313111131111131111023213231311113113122220333331313111111111113132330231332222223222223233233222203
00011110111111110011110110000000202203001001220223000000002000000002000000122220222022222022222222230103111011111011111023203000111103103100000122220301111111111110000010210210002202020022022022202203
11111111111111111111111101111131023222111313220223111111003310101121213213122022232222232222222222031103101121111011111203203110111103103011131322022311111111111111011310310313303223033023203203022023
13131111110111111110111111311213220223111023222022111131320313112120322123322222222202222220222222231303111031001131111023203011311103103131302322202301111111111111110210320312222223223022023202221223
03031011111111111111111110311000020203001001000001101120300101101120300000122202220200210200202222030103111011111011111001203100111101103100000102000111111111110110100310010210000000000001022001222023
02031100111011111111111110311121020203111111100121111102331313101102300112022220230310212332132222231003111131111011111133203111311101103101112102012111111111111111110311210311300100312131203011220223
23233333333333333333333332333233233223333333333233333302322323333322333323322222232332332222222222233323333233333333333223223332333333323333323323303333333333333333312332332332333333223233223333222223
00000002020000200000220222022000202020202222022020000200000000000000000000002220000220200000000000010000000000000000000000000000000000000000000000000122020200000000000000000000000000000000000000000001
11111112031010310112232032203111022031222202023233110311111111113113111110002221212032331311111111110011111111111111111111111111111113111111111111110120230211011111101310011311111111011111111111131111
11111110000110301110220010003111023031022001220223110111110100003102101011122030310220230311110110111111111111111111101111111111011103110111110111111120230311111111110101110311111111111111001101020111
11111011331112131302033331322101223033023333202223133310111131303303233133322212332232230311011111311111111111111110111111111111111103113311113311111122232131111111111311110211111111111111111110033131
10111110011112030112020222203111202023220223022001020101111102320220302000120222220220010010101100311111111111111111111111111111111103100111120311111122022231111111110311110111111111111111111111001001
11111103131110231012032232023111223203222023022131231311101120320320321301122202232033331111111010311111111110111111111111111111101103111111120310111102222231110101110311111311111111111111111111111011
11110112031332033332222232023130220223222223203233202331331202302302302333322202232222223331331310211311111111111111111111111111113103131311120311111122220231111311110313132131111111111111131133313313
11101110230000220000200010001011000001000000222023000002102300100100102020302000000200212020010110110111111111111111111111111111101101102311002311011122020231110111010110000011111111111111031001021023
11111110231312021000211310013111121001131101220223111102002311113110102002321321330302132031111110111111111111111111111111111111101111102311102311111102222030111111111311111111111111111111031133213203
11111112030310231310310313123111213333021111222203111321320331321331321322302232230210232021111311311111111101111111011111111011113101102311102311111122230231111111110211011311111111111111031023203203
11011112030310010310300110001111000020010111220222110100102100100120302000100020010310232031110110111111111011011111111111111111101111100111102111111102022031101110110111110011111111111111011001001001
11111112030211210310310010113011111033011010220223110131303301101102303013131233320310232030011310111111111111111111111111111111113111110111102111111121232231110011111111111311111111111111131121133131
33333332232332332332333331323333333223333333222223333322322333333322323323322222232332232233332333331311111313111111131111111111103113131311121311111122220233313333333333330331111111111011033033203233
22222222222222202222222220000022220222222220222222000000002200020222200000000000222220220002022020210111111001111111011111111111101101100111100111111100000210000212020000000011111111111111001021022001
22202222222222222222222221010023202222222222022223000110120231320222311111113332230222233332232032331111111111111111011111111111100113111111111111111111010310010212213331111111111111111111111031023111
20222222222222222222222233333223222223222222222223331311102322322022311111122222230222232202222222231111111133111111131111111111111103111111101101111111110311112130222231111111111111111111111031202011
22222222202222222222222222222222222222222222222023000111100020320220311111122020200000232220222222230111011203111111011111111111111101111111111111111111110011110010000211101111111111101111111001023101
22222222222222222222022232222022222222222222222222131201113220320322311111102222131332232202222222231101111203111111011111111111111111100111110111101111111311110111322131111011111111111111111131023111
22222222222222222222222232222222222222220222222223230311122122320222311001122232232222032222222222031111111023111111131111111111111113113301113111111110112123131332230231311111111111111111111213203133
00000002020000220002202220002000000020202000000203020111100000100020311111100000220000012222202222231111111001111111011111011111111101100111101111111101110010010010002030111111111111111111111001023021
11111310231112031332220223303313130031023312001203031311111012101120311111113110231211312222220222231111111121111111111111111111111111111111111111111111113130101211310230110111111111111111111101023033
11110310231002032232022232221223213033023023333203030311131323331322310111103332220330212222222202231111111213111111131111111111111101110110101111111111110231310332332021211111111111111111101011023203
11110000210112022030000010202203021000000001022021020311100002220220311111002000212030110200000000211111111001111111011111111111111110111111111111111111110010110010222230111111111111111111111111203001
11100110211110232230011212323023031101121313203213030311001102302322201110102002132021310320111320211111111011101101111111111111111111101111111111111111111331110112022231311110111111111111010111203133
33333332333332222233332332222223233333233223223223232133333322322222333333323332232232332233332232333313101133333111133111131111113131331333331311111133332233333332220232333331111111131131333333221223
00000220000000000000000220000020000022202020000000222022200002222222202222220222222202222222022222230001111000001111001111011111101102300100000111111102020000002020220000000011111111011011000000000001
01112031311111010101110230112031131203223213111101222222333122322220222222322022232222232222222222231111111133101111111111111111111102311113111111111103231310112030231110111111111111111111111110131111
11110230111011101110110011003001001203222203111111222222222202202002022202302020000222222202222222030111111020011111111011111111111102111101101011111122030311100210211111111111111111111111001101031111
11110233131111111113331333303131131023222203100111222222222222321323322222323213332222232222232222231111111233313111111111111111111121311112111111111102220333312332121311101111111111111111131131031101
11110012030111111010200210203011030021022222111011222222222222222222222220302020002202222202222222031111111000021111111111111111111102311101111111111120230012020200230111111111111111111111011011011111
11013132031110111112332132123111031213220223011111222222222222222022222222323233332022222202222220231111111333033111111111111111111102311111111111111002231210230312031201110011111111111011131131011011
11110230221331311332202222203133033203222023131111222222022222222222222222322202222222232222232222231311111222023111111111111111111102311131310111111122232312232332232333333331111111111111213213131111
10100010010010110210000230001021001001220223011111222222222220220202222202200020202020002020002202230111111000001111001111111111111100111100111111111122202222222222222202222231111011110111001023010111
11110111311211310311112031113031111111202223131111222222222222322322322022333032130231200220012220231311111130133111111111111111111101111100111111111122202222222232222202222231111111111111101203111111
11111210330330312131332233123031101313202223031111222222222222222222222022302232232230332233332022230311111021203011110101111111111110111111111111111122222222022232222222202231111111111111131023131111
11110312030010110210200230001010111023000203011111222222222202202002022220302020230200012022022022230311111011021111111111111111111111111111111111111122222020000002222022222231111111111111011023031111
11110310230011310310302030101001111203011203011111222222022222323323322222321232020311310232232222230211111131213111111111111111111111111111111111111122202221000112222222202231110111111111131203031111
31332332213332132332332233133133133223333023333333222222222222222222222222322232230332332222222222230311111233203111111111111111111131311131313311111122222233333332202222222231111111111111033023033333
00000010000000000220220230003001000001202222022021222222222220222222222222222222222222222222222222230101111000023111111111011111111100111100100111111100000000220200200200200211111111111111001001202021
11111110111111010232212231303011011120202223221233222222222222222222222222222222202222222222222222230111111131023111111111111111111101111111101111111113331110220332330322122131111111111111131111203033
11111111211111110232022230303121133233220223222023222222222222222222222222222022222222222222222222231111111033023111111111111111111111111111110111111120231102232032222232232031111111111111030111223023
11111110111111110012220230301011022223000000202023222222220222222222222022222222222222020000000220011111111022001111111111111111111111111111111111111122031112220232202220220011111111111111001111000001
11101011311010111212222030301011220223100001023223222222222222322222022222222202222222221201000230011111111023131111111111111111111111111111111111111122031012022232202230233331111111111111111111111133
13131110303131310332202230313133222023133333222203202222222222222222222222322222222222232333332233331311111221233111111110111101111113111111113311111122233332202232220232222231111111111111131011313223
00011110110010112030000010101001020021202001020020220202020200002220220220200000000220222220222020010111111020001111111111101110111101111111102111111100000200000220200200002031111111111101011101000001
11110111110111112031111310111011021021203101030021202302102311020320322122333130002212222222030231111111111031111111111111111111111110111100103111111111100311200230310201310231111111011111111111111111
11111110113131110220100211201131213033202313213213222323322333322322322222322233332202232222232233331311111021001111111111111111111111111111003111111131330210310232332130310231111111111111111111110011
01111101110010110011110110111011000001001001203001202220202220220202220202222222222222222222222222030311111011111111111111111111111111111011101111111120230100110010000230000011111111111111111111111111
11111111110111101311011311111001101313011101023133202202302322222322302322322222222222222022222222230311111130111111111111111111111101101111101111111120231311310110110231111311111111111111011111111101
33133333333333332333332333333333333223333333223223222322322222322222222222322222222222222222222222230333133233313131133111133313333313331313333333333302232332333333332233332331311130131313333333333313
00020000000002202222222222222022222222022000000000020002200002220222222022200020000000000202020000010001001000001011001111001000000100100100000000002102220200220000000000220010111011011001000000000001
00020100111212222222202232022222222223203111131111231320233302322022220222313233331310012132231111111111111111111111111111111331313111110111110111121322232132033321110002031011111111111011001111111111
11031011110310222222222032202202022223001101021011202220302222322202322202300022030011112020011111010110111011101111111111111020301111111111011011120302222222202230111112030111101111111111111111111111
33233131332120222232222232223221222223132110213313222322322022322222320222331232223131112231331113131111111111111111111111111212313011113101111111102302222232222231301310223131111111111121131111111101
22020010010232220222222230200020000001001011000001220202222220300000000000122020012031112020211000211111111101111111011111111000103110101111111111100102222022022230110110010011111111111011011101111111
02221011302032222202222230313213101111111111101313222322320222331311133313320233332031102032331110311111101111110111111111011331303111101111111110112122232232222031211311311311111111111131111111111011
20233332332232202222222232303223333333333133333223222202222222322333320222322222232233332222233332131111111313011111111111111022303111113131313313121322222222220232132132132331111111111031131111111313
22222222222030220000202020002000000001220222222223020020202002100002000002122222220222220200200002031111111001111111111111111000100111101100102101102300000200200012030010000011111111111011011111011001
22022222222232213330300233323133333313222202222223020020321321211103333303322222022222232312331310231101111131111111111111111110111111101100103311102311010210301110230111100011111111111011111111111111
22222222220232222232330232222223222202222222022223033322322122310102322220322222222222232222232312231111111031111111111111111111313111113113102311120311110322313330233131011331111011111111011011111111
00020220220210200202220232222202222223222022220222202202102202311100120220300000000222222222022220231111111011111111111111111110101111101101102311102101102030000010230010110011111111111111111111111011
33232032232332332122202232222202222223222203202223220323320322301012022122310101212220222022232222231111111001111111111111111111301111101101102311003110112030000110231211111331111111111111111111111101
22222222222232222232222232222222222223222223222223222222322222333323322222333332132222232222222222231313011313111111111111131312331311113113322333323333332233333132232333132231111131111131131133111133
02220222222020200000000000002000220222222202222222222222222222222222222222222222222222222222222222030101111001111111111111011000102111101100000000000102022020200210000000200011111011111011011001111001
22032232222232131331311013323333220223222222222223222222222222222222222222222222222222222222220222231111111111111111111111111111103111111111112111111121232220330311010110210011111111111111111011110111
22022222222232232232333332222222222222222222222223202222222222222222222222222222222222222222222222231111111011111111111111111111002111101111103101131322222032030311111312133331111111111111111121111131
22222222222222222222222222222222222222222220222223202222222222222222222222222222222222222222222222231111111101111111111111101101101111111111101111000102220010000111100112220231111111111111111011111031
22222222222202222222222222222222222222222222222222222222222222222222222222220222222222222222222222231111111110111111111111011011111111111101113010113322233131331210110112022231111111111111011131111031
22222222222222222222222222222222222222222222222223222222022222222222222222222222222222222222222222231111111133111111111111131131113311113111103333320322220232232133133332220231111011111110131213101033
22222022222220002020000002222222222222202222222222222222222222222222222222222222022222222222222222231111111203111111111111011011100101101111102100000100000210000010000010000011111111111111010001111001
22222222202233330230001002222202222222222222222222022222222222222222222222222222222222222222222222231111111023111111111111011111111111101110103111101113330330003130111331111211011111111111111011111111
22220222222220222233333332202222222222222222222223222222222222222222222222222222222222222222220222231111111023111111111111131111101111113111121311012122232031332233130230102131111111111111111133111111
02022020000210200002220232222022222222222222222223222222222222222220222222222222222222222222222222231111111021111111111111031111110111103111002110103122222030000010212021110011111111111011111021111101
23030231310310310112022232222222202222222222222223222222222222220222222222222222222222222222222222231001111033111011111111031110111111103111121301103120222231100110312031011311111101111111111021111011
22232232332332333332222232222222222222222222222203222222222222222222222222222222222222222222222222233133131223313131131111031333313313303133122333323322222233333332332233312331111131111133313233333133
22222222202222222222222222222222222222222222222222222222222222222222222222222222222222222022222222230001011000001011011111011000002100101100002000000100000000000002220220000011111011111021000001000001
22222222222222222222222222222222222222222222220223222222222222222222222222222222222222222222222222231111111111111131111111111111103311111111103131310111110111011112022231111111111111111031111011111111
22222222222222222222220220202022000022220222020000022222222220220222222022222202222222222222222222231111111111011031111111111111102311111111000102311111111111111112202220011111111111111011111101111111
22222222222222222222222232323223333223222223233333222222322222322222322222322222222022222222222222231313111313121031111111111100102311111101113102301111121111111312222031311111111111111131111313111011
00002022202222202222222222222022202020022222222202222222222220220222222222222222222022220002020000010101111023011011111111111111100111111110101102111111031111110110200010111111111111111031011001111111
33132232222232222222222032222022022212022222220222222222222222322222022222322222222222233332233333331313111203111111111111111011111111111111113121311101031111111310211111101011111111111021111011111111
22222222222232222222222232222223223223222223222223222222222222222222222222222222222222222220222222232123111203313131111111111331313301111113323322133311031311110312313333333330111111111033121313011131
22222222220222222222222222222222222222222222222222222222222222222202222222202220220000002202220000010003111001001011101111111000100111111100000000000111010011110110200002202231111111111001031001111011
22222222222222222222202222222222222222222222222222222222222202222222222222220232223331332220231111331103111313011111111111011000113111111113113110001111111111111102121322220231111111111131031131111011
22222222222222222222222222222222222222222222222223222222222222222222222222322222232222232222233132233123111023131111111111111133303111111103323313312111111111111112212232222231111111111021031031111111
22222222222222222222222222222222222222222222222222222222222022222222222222222222222222222222222222232203111001001111111111111022301111011100000100101111110111110112022220002031111111111011011010111111
22222222222222222222222222222222222222222222222222222222222222222222222222222220222222222222222222232023111133131111111111111022211111111113110100113110011111111112222233330231111111011011130001111111
22222222222022222222222222222222222222222222222222222222222222222222222222222222222222222222222222232203111223033131111111111222331313111123313333323331331311111312202222222231111111111133033333130131
22222222022222222022220220000020000020000000020022222222222222222222222022220222222222220200202022230001110000001011111111111000000101111100000000000100010111110110000000000011111111111001000023011031
22222220222232222232222230010213010032111121213023222222222222222222222222322222222222232332332022231101111111111111111111111111100113111100110110110110131111110111111311111111111011111131133223011031
22022222222222222222222221111203313223121033223203222222222222222222222220222222222222222222222222231113011110011111111111110111111103111113333311101111030111111111010310101331111111111021022223111031
02222222222222020222022231111001020203031020020020222222022222222222222222222222202222222222222222231101111111111111111111111111111101111100002101011111031111111110110101010011111111111011022001111011
22222022222222030230222231111120032023030033030033222222222222222222222220222022222222222222222222231101111111111011111111111100111111111100121311111111031111111111101011113131111111111131202101111131
22220222222232232232222233333233223223233223233223222222222222222222222222322222222222222222222222231113111131111131011111111111213113111113322333331311031301111113133333332231111111111031203333111031
00020200220220000002022022222220222222202020222202222222222222220222222222222222222222222222222222230101111011111011111111111110101101111100000100000111010111111110000220220011111111111011000001111011
11020322212233121200222022222222222223203233222222222222222222222222222222222222222220222222222222231111111111111111111111111111111111101113011113111111010111111111310230230011111111111111101011111101
33232232222232232332232232222222222222222222222223202222222222222222222222222222222222222222222222231111111011111111111111111111101101111103333203110101111311111110322032031311111111111131110131111131
22020222022020000000220222220222220222202022220222222222222220222222222222222220222222222220220222031001111111101111111111111011111111111120222301101111110111111110010012020111111111111011111031101031
22232232232233333332232232222223222223023223222222222222222220222222222222322222222222232222232232231111111111111011111111111111111110111122220312011111111111111011010110231101111111111111111021111031
22222222222222222222222222222222222222222222222223222222222222222222222222222222222222222222222222233333333333333333333333333333333333333322222323333333333333333333333332233333333333333333333233333233
