0222222202202022000220222222220220200002220202002002000000000000000220000200200000222202022222222203
0222222023223203131222022222222322331320220303103102011111111111300231332132312133202223222221222223
2022223022223021010202223222022222202202102003002101110110110000312030010010201021000203222022202223
2222223222203233333220223222222322222323321323323313111111113132330233131322133233313223222223022223
2220222222203202022022001000020222202222222222220301111111100210000230010010202203000001222222220223
2222023222202023223223333333322322022322222222222301111111110213312230111312303023333133222222220223
2222223222223222222222223202222222222222222222222331331311312132222231332332023223222223222222222223
2222222222222222222222222222222222222222222220222300000110110010200000220012202022022222222222222203
2222222222222222222222222222222220222222222222222311131001010112333132030112023223222222222202222223
2222222222222222222222222222222022222222222222222311030110113132222232033332222222220223222222022223
2222222222222222222202222222022222222222222222222200011111110012022222020212222222220223000000000021
2222222222222022222222223222222222222222222222222311131111111212202222032132222222202223313000130033
2222222222222202222222222222222222222222222222222333231333332332222232232232222222222223223333233223
2022022000000022222000202222220222222200020222220322222202222222222222222222222222202222222222222223
2202203333133222023101023220222222222333322322222320222222222222222222222232222222222222222222222223
2223203222223222023133023222222202222222222222222322222222222202222222222222222222222222222222222223
2222022222223000023021023222220222022220200002222322222222222222222222222222222222222222022222222223
2222222222202001203212023222202322022302212122202322222222222222222222222222222222222222222222220223
2222222220223333203203023222022322222322323322222302222222222222222222222222222222222222222222222223
0200000000001000021001001020000022022220200002000122222222220222222222222222222222222222222022222223
0200130011131101031111111030000120222302331302113322222220222222222222222232022222222222222222222223
0333233132213133033111131233331320222320322223320322222222222202222222222232222222202222222222222223
0202203021021022203111011022222222022320202100002302222222222222222222220232222222222202222222222223
0302203021033203202001100202222320222302203300020320222222222232222222222222222222222202222222222223
2323223233223223223333333222222322222322322333322322222222222222222222222232222222220222222222222223
2222222222202202222222022220222222222222222222222222222222222220222222222222022222222222222222222223
0222222222223222223222223222222222222222222222222322222222222222222222222232222222222222222222222223
2222222222222222222222222222222222222202222222222222222222222222222222222222222222222222222222222223
2222222222222222222222222222220222222222222222222222222222222222222222222222222222222222222222222223
2222222222222222222222222222222222222222220222222220220200200202222222222022022020022202022000022223
2222222222222222222222222222222222222222222202222322232330332332222222222222223233223223223333222203
2222222222222222220222222222222222222222222222222322222222222222222222222232222222222222222222222223
2222222222222222222222222222222222222222222222222222222222222222222222222222222222222222222222222023
2222222222222222222222222222222222222222222222222222222222222222222222222222202222222222222222222223
2222222222222222222222222222222222222222222222222222222222222222222222222222222222022222222222222223
2222220222222222222222222222022222222222222222222222222222222222222222222222222222222222222222220223
2222222220222222222222223222222222222222222222222322222222222222222222222222222222222222202222222223
2222222222222222222022222222222222222222222222222322222222222222222222222222222222222222222222222223
2222022222222222222222222022222222222222222222222222222222222222222202222222222222222222222222222223
2222222222222222222222223222222222222222222222222322222222222222222220222222222222222222222222222223
2222222222222222222222222222222222222222222222222222222222222222222222222222222222222222222220222223
2222222222222222222222222222222222222222022222222222222222222222222222222222222222222222222222222203
2222222222222222222222222222222222022222222222222322222222222222222222222222222222222222222222222223
2222222222222222222222222222222222222222222222222222222222222222222222222222222222222222222222202223
2222222222222222222222222222222222222022222222222222222222222222222220222222222222222222222222222223
2222220222222222222222222222222222222222222222222322222222222222222222220222222222222222222222222223
2222222222222222222222222222222222222222202222222322222222222222222222222222222222222222222222222223
2222222222222222222222222222222220222222222222222222222222222222222222222222222222222222222222222223
2222222222222022222222222222222222222222222222222222222222222222222222222222222222222222222222222223
2222222222222222222222222222222222222222222222222222222222222222222222222222222222222222222222222223
