02000000002220200003
03211111012202331323
02111111110220002001
21311133332033323333
00101022010000220201
12110221331300202201
23333222232332122333
02200202022202200003
22333223232222333123
22202222222222222223
00002022020220020201
33323023232033320333
02222222232222322223
00000220220200000001
12113220222131101101
21203202232031031313
00100022010011102101
13301203331211102101
22333222232333303333
22222222222222222023
22222222222022222223
22222222222222222203
00000020002220220201
12111030132220322313
23333033232222322223
02000000000000200001
03111111111110311111
00111111111010101111
13311111111311313111
00111111110110101111
10111111110100113111
31311011113131303111
20211111110010101011
02300101111111211111
20311111101310313111
02111111110110101111
03111111011310101111
21333133112313331311
00001000110000102111
01111111111111121311
11113111111111120311
11103111110111102311
11103111111111102311
11103011111111102311
10001111111111102311
11111111111101102311
11111111111111120311
11101101111111100111
11111111111010112101
33333333333333323333
